1	90	1400413
2	103	1050032
3	38	1045505
4	213	964656
5	464	932193
6	183	925786
7	3	925749
8	267	893186
9	50	877063
10	170	857512
11	417	832627
12	387	822633
13	421	813022
14	151	786015
15	107	761224
16	297	749445
17	150	748345
18	510	732907
19	118	725998
20	321	710655
21	41	709566
22	242	695898
23	379	695071
24	102	694261
25	492	692805
26	475	691500
27	136	686530
28	192	676777
29	263	671294
30	142	666558
31	416	662266
32	164	662189
33	47	644565
34	22	633817
35	420	628380
36	369	627648
37	485	614865
38	6	614826
39	448	609370
40	202	603973
41	106	602973
42	449	601092
43	375	597665
44	357	593197
45	196	586609
46	110	581737
47	188	576378
48	296	570075
49	67	565934
50	135	559324
51	437	558115
52	60	548085
53	124	542826
54	411	539075
55	524	537527
56	30	536477
57	367	535956
58	341	535766
59	391	535507
60	64	534148
61	217	532362
62	328	532294
63	54	531244
64	330	522480
65	48	520714
66	189	519338
67	512	515597
68	82	511815
69	457	511055
70	229	509849
71	264	509276
72	249	503524
73	46	501846
74	105	500733
75	200	500275
76	352	495098
77	507	494830
78	158	493060
79	360	492633
80	206	490895
81	474	489441
82	418	487687
83	301	484490
84	178	484467
85	326	483736
86	535	483146
87	338	480296
88	224	478398
89	528	478131
90	508	477670
91	456	477594
92	403	477279
93	442	477169
94	414	476661
95	491	475312
96	498	474704
97	284	473364
98	13	472153
99	348	466844
100	39	463112
101	84	460117
102	516	459075
103	401	458403
104	131	457938
105	278	457748
106	304	457278
107	162	456216
108	311	455253
109	154	453823
110	318	452446
111	480	452040
112	123	451991
113	275	450258
114	175	450041
115	190	449404
116	78	448836
117	520	447087
118	75	445393
119	272	438324
120	152	438221
121	252	438147
122	346	436898
123	466	436844
124	412	435840
125	329	435402
126	101	435055
127	489	434431
128	199	432061
129	500	429787
130	25	426778
131	98	426452
132	21	426422
133	125	425246
134	204	425161
135	269	423846
136	156	423502
137	432	422505
138	295	422218
139	5	422097
140	128	420390
141	211	420356
142	503	419817
143	20	418690
144	460	416355
145	364	415550
146	197	413281
147	29	412028
148	358	411799
149	300	411693
150	298	411060
151	194	409724
152	215	409564
153	44	407712
154	482	407646
155	372	407469
156	404	407334
157	490	405298
158	161	405019
159	120	404820
160	12	404221
161	216	403802
162	494	401444
163	172	399239
164	478	398420
165	221	396027
166	208	395829
167	293	395671
168	119	392800
169	393	392648
170	465	392551
171	501	392441
172	205	391476
173	180	388189
174	487	387808
175	351	387793
176	16	387564
177	86	386183
178	314	385776
179	430	385346
180	144	385067
181	116	384816
182	371	383859
183	467	383139
184	366	381449
185	386	381183
186	198	381000
187	257	379381
188	496	378320
189	72	374899
190	36	373321
191	248	370729
192	444	369886
193	212	369675
194	250	369272
195	9	367960
196	384	367013
197	146	365914
198	313	365415
199	195	365046
200	532	364865
201	518	362541
202	522	362392
203	378	361189
204	526	361180
205	509	360979
206	323	360765
207	395	359281
208	423	359026
209	174	358685
210	481	358161
211	7	357616
212	446	356879
213	408	355886
214	390	354399
215	422	354197
216	97	354030
217	310	352939
218	468	352666
219	187	352492
220	70	351691
221	283	351608
222	445	351585
223	488	351481
224	463	351059
225	209	350342
226	461	350193
227	515	350106
228	290	350088
229	111	350082
230	315	349958
231	337	349937
232	359	348998
233	317	348835
234	502	347763
235	303	345641
236	157	345434
237	85	344094
238	214	342583
239	299	342546
240	15	341941
241	472	341913
242	345	340625
243	182	339504
244	219	339141
245	227	339091
246	100	338905
247	426	338598
248	282	338404
249	37	337960
250	438	337860
251	409	337633
252	362	337421
253	240	337160
254	443	337003
255	289	336212
256	354	335944
257	377	335398
258	91	334516
259	450	334160
260	477	333027
261	132	332485
262	534	331682
263	184	331046
264	440	329710
265	207	329464
266	400	329020
267	71	328753
268	504	328517
269	484	328288
270	462	327592
271	176	326667
272	233	325141
273	514	324523
274	451	324024
275	92	323104
276	241	323045
277	425	321258
278	320	320287
279	114	319528
280	327	319359
281	45	318667
282	104	317620
283	171	315495
284	0	315005
285	236	313996
286	506	313799
287	26	313055
288	533	312917
289	148	312144
290	53	311454
291	519	311247
292	347	310888
293	232	310642
294	339	309677
295	88	309406
296	350	308973
297	130	307927
298	511	307531
299	452	306256
300	529	305903
301	368	305715
302	405	304813
303	155	304154
304	392	303740
305	302	303359
306	294	300349
307	458	299272
308	343	298993
309	406	296273
310	399	294996
311	335	293378
312	245	292034
313	325	291125
314	31	290876
315	419	290525
316	312	289959
317	447	288944
318	173	288097
319	223	286677
320	73	286534
321	396	285436
322	14	284748
323	316	284340
324	388	284123
325	402	283925
326	385	283757
327	230	283641
328	431	282750
329	383	281805
330	95	280255
331	2	279573
332	469	276599
333	134	275857
334	238	274926
335	23	274880
336	77	274416
337	143	274177
338	243	272686
339	286	271282
340	497	270830
341	261	270325
342	344	268422
343	235	268254
344	122	267857
345	435	267384
346	138	267183
347	305	266999
348	137	266209
349	147	265705
350	277	265346
351	271	264514
352	222	264185
353	62	263166
354	479	263019
355	191	262821
356	133	262379
357	167	260454
358	27	260277
359	363	259182
360	28	259149
361	210	259032
362	373	258777
363	126	258437
364	246	258428
365	32	257356
366	413	256308
367	83	256115
368	307	255973
369	65	255789
370	56	254573
371	166	253295
372	292	252617
373	410	252164
374	253	251586
375	525	251083
376	309	250965
377	87	248735
378	453	248580
379	177	247821
380	108	246060
381	169	245962
382	376	244548
383	281	244399
384	42	244186
385	433	241584
386	185	241360
387	35	241134
388	428	239991
389	127	239482
390	139	239174
391	117	238409
392	370	238254
393	495	237699
394	18	235195
395	332	234415
396	112	234379
397	493	232793
398	334	232637
399	234	232456
400	486	231960
401	353	231625
402	80	227758
403	455	227706
404	11	227541
405	429	226849
406	17	225260
407	268	224876
408	380	224663
409	471	223384
410	69	222918
411	121	221017
412	291	220745
413	258	215704
414	434	214852
415	168	214629
416	68	213118
417	336	212722
418	52	209378
419	262	209194
420	415	208604
421	407	208162
422	203	207547
423	288	206899
424	179	206731
425	276	205856
426	324	203863
427	76	203666
428	51	202605
429	265	200886
430	308	200680
431	81	198563
432	58	197955
433	349	197885
434	499	195119
435	255	194625
436	322	193581
437	361	191896
438	225	190723
439	19	187232
440	145	186883
441	159	184335
442	530	183744
443	149	182067
444	115	181123
445	61	179940
446	49	179563
447	517	179200
448	165	175706
449	43	173593
450	99	173175
451	260	171598
452	266	171281
453	33	170776
454	459	169913
455	96	166638
456	66	163233
457	181	162185
458	55	160327
459	331	159606
460	40	159505
461	218	158449
462	259	157916
463	10	151022
464	163	147997
465	34	144493
466	521	143894
467	505	143014
468	231	138106
469	251	135423
470	247	132285
471	254	131757
472	439	130209
473	436	128067
474	397	121266
475	382	120961
476	74	119587
477	340	106507
478	287	106498
479	523	104904
480	8	98515
481	113	88179
482	476	78364
483	24	71445
484	279	56476
485	374	52400
486	63	45261
487	389	24081
488	473	1490
